%YAML:1.0

#--------------------------------------------------------------------------------------------
# Camera Parameters. Adjust them!
#--------------------------------------------------------------------------------------------
Camera.type: "PinHole"

# Camera calibration and distortion parameters (OpenCV) (equal for both cameras after stereo rectification)
Camera.fx: 467.74270306499267   #435.2046959714599
Camera.fy: 467.74270306499267   #435.2046959714599
Camera.cx: 320.5 #367.4517211914062
Camera.cy: 240.5 #252.

Camera.k1: 0.0
Camera.k2: 0.0
Camera.p1: 0.0
Camera.p2: 0.0

Camera.width: 640
Camera.height: 480

# Camera frames per second 
Camera.fps: 30 #15.0

# stereo baseline times fx
Camera.bf: 11.6935675766 #47.9 #11.6935675766

# Color order of the images (0: BGR, 1: RGB. It is ignored if images are grayscale)
Camera.RGB: 1

# Close/Far threshold. Baseline times.
ThDepth: 100.0 # 35

# Transformation from camera 0 to body-frame (imu)
Tbc: !!opencv-matrix
   rows: 4
   cols: 4
   dt: f
   data: [1.0, 0.0, 0.0, 0.0,
         0.0, 1.0, 0.0, 0.0,
         0.0, 0.0, 1.0, 0.0,
         0.0, 0.0, 0.0, 1.0]
   #data: [ -5.7586305857286746e-03, -4.0463318787729019e-03,
   #      9.9997523237933461e-01, 2.0329267950355900e-02,
   #      -9.9998287214160420e-01, -1.0224590553211677e-03,
   #      -5.7628118925283633e-03, 7.9325209639615653e-03,
   #      1.0457519809151661e-03, -9.9999129084997906e-01,
   #      -4.0403746097850135e-03, 2.8559824645148020e-03, 0., 0., 0., 1. ]
   
   #data: [0.0148655429818, -0.999880929698, 0.00414029679422, -0.0216401454975,
   #      0.999557249008, 0.0149672133247, 0.025715529948, -0.064676986768,
   #     -0.0257744366974, 0.00375618835797, 0.999660727178, 0.00981073058949,
   #      0.0, 0.0, 0.0, 1.0]

# IMU noise (altered)
IMU.NoiseGyro: 1.0e-10 #0.01 # 1.6968e-04 
IMU.NoiseAcc: 1.0e-10 #0.1 # 2.0000e-3
IMU.GyroWalk: 1.0e-10 #0.0001 
IMU.AccWalk: 1.0e-10 #0.001 # 3.0000e-3
IMU.Frequency: 100

#--------------------------------------------------------------------------------------------
# Stereo Rectification. Only if you need to pre-rectify the images.
# Camera.fx, .fy, etc must be the same as in LEFT.P
#--------------------------------------------------------------------------------------------
LEFT.height: 480
LEFT.width: 640
LEFT.D: !!opencv-matrix
   rows: 1
   cols: 5
   dt: d
   data: [0.0, 0.0, 0.0, 0.0, 0.0]
LEFT.K: !!opencv-matrix
   rows: 3
   cols: 3
   dt: d
   data: [467.74270306499267, 0.0, 320.5, 0.0, 467.74270306499267, 240.5, 0.0, 0.0, 1.0]
LEFT.R:  !!opencv-matrix
   rows: 3
   cols: 3
   dt: d
   data: [1.0, 0.0, 0.0, 0.0, 1.0, 0.0, 0.0, 0.0, 1.0]
LEFT.Rf:  !!opencv-matrix
   rows: 3
   cols: 3
   dt: f
   data: [1.0, 0.0, 0.0, 0.0, 1.0, 0.0, 0.0, 0.0, 1.0]
LEFT.P:  !!opencv-matrix
   rows: 3
   cols: 4
   dt: d
   data: [467.74270306499267, 0.0, 320.5, -0.0,  0.0, 467.74270306499267, 240.5, 0.0, 0.0, 0.0, 1.0, 0.0]

RIGHT.height: 480
RIGHT.width: 640
RIGHT.D: !!opencv-matrix
   rows: 1
   cols: 5
   dt: d
   data: [0.0, 0.0, 0.0, 0.0, 0.0]
RIGHT.K: !!opencv-matrix
   rows: 3
   cols: 3
   dt: d
   data: [467.74270306499267, 0.0, 320.5, 0.0, 467.74270306499267, 240.5, 0.0, 0.0, 1.0]
RIGHT.R:  !!opencv-matrix
   rows: 3
   cols: 3
   dt: d
   data: [0.9999633526194376, -0.003625811871560086, 0.007755443660172947, 0.003680398547259526, 0.9999684752771629, -0.007035845251224894, -0.007729688520722713, 0.007064130529506649, 0.999945173484644]
RIGHT.P:  !!opencv-matrix
   rows: 3
   cols: 4
   dt: d
   data: [467.74270306499267, 0.0, 320.5, -11.693569,  0.0, 467.74270306499267, 240.5, 0.0, 0.0, 0.0, 1.0, 0.0]

#--------------------------------------------------------------------------------------------
# ORB Parameters
#--------------------------------------------------------------------------------------------

# ORB Extractor: Number of features per image
ORBextractor.nFeatures: 500

# ORB Extractor: Scale factor between levels in the scale pyramid 	
ORBextractor.scaleFactor: 1.2

# ORB Extractor: Number of levels in the scale pyramid	
ORBextractor.nLevels: 8

# ORB Extractor: Fast threshold
# Image is divided in a grid. At each cell FAST are extracted imposing a minimum response.
# Firstly we impose iniThFAST. If no corners are detected we impose a lower value minThFAST
# You can lower these values if your images have low contrast			
ORBextractor.iniThFAST: 20 
ORBextractor.minThFAST: 7

#--------------------------------------------------------------------------------------------
# Viewer Parameters
#--------------------------------------------------------------------------------------------
Viewer.KeyFrameSize: 0.05
Viewer.KeyFrameLineWidth: 1
Viewer.GraphLineWidth: 0.9
Viewer.PointSize: 2
Viewer.CameraSize: 0.08
Viewer.CameraLineWidth: 3
Viewer.ViewpointX: 0
Viewer.ViewpointY: -0.7
Viewer.ViewpointZ: -1.8
Viewer.ViewpointF: 500

